Loading Parameters...
Parameters Loaded Successfully!
[33mLoading Parameters Costs: 0.235081 ms[0m
Connecting to Server...
Server Coonnected Successfully!
[33mConnecting to Server Costs: 177.799 ms[0m
Initializing...
Initializing Done!
[33mInitializing Costs: 516.482 ms[0m
Sending Initializing Message to Server...
Initializing Message Sent to Server Successfully!
Initializing Message is: {
    "type": "initialize",
    "min_inliers": 6,
    "max_norm": 0.3,
    "camera_cx": 325.5,
    "camera_cy": 253.5,
    "camera_fx": 518.0,
    "camera_fy": 519.0,
    "camera_scale": 1000.0
}
[33mSending Initializing Message to Server Costs: 2.30002 ms[0m
Initializing Message from Server: {"type" : "initialize", "result" : "Success"}
[33mReceiving Initializing Message from Server Costs: 1.055 ms[0m
Running in Main Loop...
Loading Image 2
[33m--Loading Image Costs: 138.768 ms[0m
[33m--Computing KeyPoints & Descriptor Costs: 10.6449 ms[0m
[33m--Matching Costs: 3.8619 ms[0m
[33m--Converting Points(2f,3f) to String: 0.0870228 ms[0m
{
    "type": "RESULT",
    "matrix": "0.999974,-0.00300003,0.00662249,-0.00131898;0.00297961,0.999991,0.00309063,0.000844563;-0.0066317,-0.00307081,0.999973,-0.000967605;0,0,0,1;",
    "inliers": 26
}
[33m--Send & Wait & Receive Costs: 169.319 ms[0m
type is: RESULT
[33m--Parsing Message Type Costs: 0.015974 ms[0m
    0.999974  -0.00300003   0.00662249  -0.00131898
  0.00297961     0.999991   0.00309063  0.000844563
  -0.0066317  -0.00307081     0.999973 -0.000967605
           0            0            0            1
[33m--Parsing tMatrix&inliers&TMatrix Costs: 0.0929832 ms[0m
[33m--JoinPointCloud Costs: 118.661 ms[0m
[33mMainLoop for Frame2Costs: 441.637 ms[0m
Loading Image 3
[33m--Loading Image Costs: 46.802 ms[0m
[33m--Computing KeyPoints & Descriptor Costs: 17.4901 ms[0m
[33m--Matching Costs: 4.34208 ms[0m
[33m--Converting Points(2f,3f) to String: 0.0741482 ms[0m
{
    "type": "RESULT",
    "matrix": "0.999997,-0.00210911,0.00141162,0.00386402;0.00210334,0.999989,0.00407931,-0.00156208;-0.00142021,-0.00407633,0.999991,-0.00115406;0,0,0,1;",
    "inliers": 22
}
[33m--Send & Wait & Receive Costs: 14.9858 ms[0m
type is: RESULT
[33m--Parsing Message Type Costs: 0.0181198 ms[0m
   0.999997 -0.00210911  0.00141162  0.00386402
 0.00210334    0.999989  0.00407931 -0.00156208
-0.00142021 -0.00407633    0.999991 -0.00115406
          0           0           0           1
[33m--Parsing tMatrix&inliers&TMatrix Costs: 0.0770092 ms[0m
[33m--JoinPointCloud Costs: 68.362 ms[0m
[33mMainLoop for Frame3Costs: 152.328 ms[0m
Loading Image 4
[33m--Loading Image Costs: 56.2699 ms[0m
[33m--Computing KeyPoints & Descriptor Costs: 16.5081 ms[0m
[33m--Matching Costs: 4.85492 ms[0m
[33m--Converting Points(2f,3f) to String: 0.135899 ms[0m
{
    "type": "RESULT",
    "matrix": "0.999988,-0.00497325,-0.000107648,0.00339664;0.00497378,0.999971,0.00569442,-0.0030055;7.9325e-05,-0.00569489,0.999984,-0.00372825;0,0,0,1;",
    "inliers": 19
}
[33m--Send & Wait & Receive Costs: 14.4548 ms[0m
type is: RESULT
[33m--Parsing Message Type Costs: 0.0870228 ms[0m
    0.999988  -0.00497325 -0.000107648   0.00339664
  0.00497378     0.999971   0.00569442   -0.0030055
  7.9325e-05  -0.00569489     0.999984  -0.00372825
           0            0            0            1
[33m--Parsing tMatrix&inliers&TMatrix Costs: 0.041008 ms[0m
[33m--JoinPointCloud Costs: 51.2881 ms[0m
[33mMainLoop for Frame4Costs: 143.776 ms[0m
Loading Image 5
[33m--Loading Image Costs: 81.167 ms[0m
[33m--Computing KeyPoints & Descriptor Costs: 12.099 ms[0m
[33m--Matching Costs: 4.66704 ms[0m
[33m--Converting Points(2f,3f) to String: 0.0841618 ms[0m
{
    "type": "RESULT",
    "matrix": "0.999986,-0.0021709,0.00483186,-0.00783545;0.0021783,0.999996,-0.00152709,0.0141766;-0.00482853,0.0015376,0.999987,-0.00452643;0,0,0,1;",
    "inliers": 16
}
[33m--Send & Wait & Receive Costs: 15.8031 ms[0m
type is: RESULT
[33m--Parsing Message Type Costs: 0.015974 ms[0m
   0.999986  -0.0021709  0.00483186 -0.00783545
  0.0021783    0.999996 -0.00152709   0.0141766
-0.00482853   0.0015376    0.999987 -0.00452643
          0           0           0           1
[33m--Parsing tMatrix&inliers&TMatrix Costs: 0.0660419 ms[0m
[33m--JoinPointCloud Costs: 54.831 ms[0m
[33mMainLoop for Frame5Costs: 168.854 ms[0m
Loading Image 6
[33m--Loading Image Costs: 39.0301 ms[0m
[33m--Computing KeyPoints & Descriptor Costs: 11.5581 ms[0m
[33m--Matching Costs: 5.25284 ms[0m
[33m--Converting Points(2f,3f) to String: 0.185966 ms[0m
{
    "type": "RESULT",
    "matrix": "0.999995,0.00117808,0.00306308,0.000888504;-0.00118369,0.999998,0.00182788,0.00321617;-0.00306091,-0.0018315,0.999994,0.000876284;0,0,0,1;",
    "inliers": 56
}
[33m--Send & Wait & Receive Costs: 18.312 ms[0m
type is: RESULT
[33m--Parsing Message Type Costs: 0.0121593 ms[0m
   0.999995  0.00117808  0.00306308 0.000888504
-0.00118369    0.999998  0.00182788  0.00321617
-0.00306091  -0.0018315    0.999994 0.000876284
          0           0           0           1
[33m--Parsing tMatrix&inliers&TMatrix Costs: 0.0488758 ms[0m
[33m--JoinPointCloud Costs: 55.4242 ms[0m
[33mMainLoop for Frame6Costs: 130.082 ms[0m
Loading Image 7
[33m--Loading Image Costs: 43.1769 ms[0m
[33m--Computing KeyPoints & Descriptor Costs: 11.199 ms[0m
[33m--Matching Costs: 6.30212 ms[0m
[33m--Converting Points(2f,3f) to String: 0.200987 ms[0m
{
    "type": "RESULT",
    "matrix": "0.999991,0.000305483,0.00429834,-0.000264271;-0.000312754,0.999999,0.00169105,0.004169;-0.00429782,-0.00169237,0.999989,-0.00117243;0,0,0,1;",
    "inliers": 26
}
[33m--Send & Wait & Receive Costs: 16.8478 ms[0m
type is: RESULT
[33m--Parsing Message Type Costs: 0.0140667 ms[0m
    0.999991  0.000305483   0.00429834 -0.000264271
-0.000312754     0.999999   0.00169105     0.004169
 -0.00429782  -0.00169237     0.999989  -0.00117243
           0            0            0            1
[33m--Parsing tMatrix&inliers&TMatrix Costs: 0.043869 ms[0m
[33m--JoinPointCloud Costs: 57.188 ms[0m
[33mMainLoop for Frame7Costs: 135.224 ms[0m
Loading Image 8
[33m--Loading Image Costs: 48.0649 ms[0m
[33m--Computing KeyPoints & Descriptor Costs: 11.4331 ms[0m
[33m--Matching Costs: 5.25308 ms[0m
[33m--Converting Points(2f,3f) to String: 0.0801086 ms[0m
{
    "type": "RESULT",
    "matrix": "0.99999,-0.00221083,0.00384835,0.0016797;0.00221887,0.999995,-0.00208781,0.0117813;-0.00384372,0.00209633,0.99999,0.00317058;0,0,0,1;",
    "inliers": 18
}
[33m--Send & Wait & Receive Costs: 16.1519 ms[0m
type is: RESULT
[33m--Parsing Message Type Costs: 0.0150204 ms[0m
    0.99999 -0.00221083  0.00384835   0.0016797
 0.00221887    0.999995 -0.00208781   0.0117813
-0.00384372  0.00209633     0.99999  0.00317058
          0           0           0           1
[33m--Parsing tMatrix&inliers&TMatrix Costs: 0.0720024 ms[0m
[33m--JoinPointCloud Costs: 71.4099 ms[0m
[33mMainLoop for Frame8Costs: 152.649 ms[0m
Loading Image 9
[33m--Loading Image Costs: 42.331 ms[0m
[33m--Computing KeyPoints & Descriptor Costs: 13.3469 ms[0m
[33m--Matching Costs: 3.546 ms[0m
[33m--Converting Points(2f,3f) to String: 0.0607967 ms[0m
{
    "type": "RESULT",
    "matrix": "0.999985,-0.000392232,0.00541371,-0.000455584;0.000379745,0.999997,0.0023073,-0.000399436;-0.0054146,-0.00230521,0.999983,-0.00785859;0,0,0,1;",
    "inliers": 17
}
[33m--Send & Wait & Receive Costs: 17.3819 ms[0m
type is: RESULT
[33m--Parsing Message Type Costs: 0.0188351 ms[0m
    0.999985 -0.000392232   0.00541371 -0.000455584
 0.000379745     0.999997    0.0023073 -0.000399436
  -0.0054146  -0.00230521     0.999983  -0.00785859
           0            0            0            1
[33m--Parsing tMatrix&inliers&TMatrix Costs: 0.0789165 ms[0m
[33m--JoinPointCloud Costs: 59.623 ms[0m
[33mMainLoop for Frame9Costs: 136.533 ms[0m
Loading Image 10
[33m--Loading Image Costs: 38.9512 ms[0m
[33m--Computing KeyPoints & Descriptor Costs: 14.9128 ms[0m
[33m--Matching Costs: 5.2011 ms[0m
[33m--Converting Points(2f,3f) to String: 0.555038 ms[0m
{
    "type": "RESULT",
    "matrix": "0.999991,-0.00208244,0.00368484,0.00284979;0.00207093,0.999993,0.00312219,-0.00539152;-0.00369132,-0.00311453,0.999988,-0.00368197;0,0,0,1;",
    "inliers": 39
}
[33m--Send & Wait & Receive Costs: 20.9541 ms[0m
type is: RESULT
[33m--Parsing Message Type Costs: 0.0169277 ms[0m
   0.999991 -0.00208244  0.00368484  0.00284979
 0.00207093    0.999993  0.00312219 -0.00539152
-0.00369132 -0.00311453    0.999988 -0.00368197
          0           0           0           1
[33m--Parsing tMatrix&inliers&TMatrix Costs: 0.0481606 ms[0m
[33m--JoinPointCloud Costs: 68.3239 ms[0m
[33mMainLoop for Frame10Costs: 150.232 ms[0m
Loading Image 11
[33m--Loading Image Costs: 40.864 ms[0m
[33m--Computing KeyPoints & Descriptor Costs: 18.6808 ms[0m
[33m--Matching Costs: 8.22496 ms[0m
[33m--Converting Points(2f,3f) to String: 0.447989 ms[0m
{
    "type": "RESULT",
    "matrix": "1,-0.0002105,0.00018765,0.00998195;0.000210339,1,0.000857847,-0.00151275;-0.00018783,-0.000857807,1,-0.000765623;0,0,0,1;",
    "inliers": 101
}
[33m--Send & Wait & Receive Costs: 18.512 ms[0m
type is: RESULT
[33m--Parsing Message Type Costs: 0.0128746 ms[0m
           1   -0.0002105   0.00018765   0.00998195
 0.000210339            1  0.000857847  -0.00151275
 -0.00018783 -0.000857807            1 -0.000765623
           0            0            0            1
[33m--Parsing tMatrix&inliers&TMatrix Costs: 0.0529289 ms[0m
[33m--JoinPointCloud Costs: 67.8401 ms[0m
[33mMainLoop for Frame11Costs: 154.814 ms[0m
Loading Image 12
[33m--Loading Image Costs: 30.982 ms[0m
[33m--Computing KeyPoints & Descriptor Costs: 12.2759 ms[0m
[33m--Matching Costs: 4.92406 ms[0m
[33m--Converting Points(2f,3f) to String: 0.190973 ms[0m
{
    "type": "RESULT",
    "matrix": "0.999996,-0.000338774,0.00292156,0.0016255;0.000339707,1,-0.00031909,0.000866529;-0.00292145,0.000320081,0.999996,0.00164339;0,0,0,1;",
    "inliers": 30
}
[33m--Send & Wait & Receive Costs: 19.0909 ms[0m
type is: RESULT
[33m--Parsing Message Type Costs: 0.0221729 ms[0m
    0.999996 -0.000338774   0.00292156    0.0016255
 0.000339707            1  -0.00031909  0.000866529
 -0.00292145  0.000320081     0.999996   0.00164339
           0            0            0            1
[33m--Parsing tMatrix&inliers&TMatrix Costs: 0.0751019 ms[0m
[33m--JoinPointCloud Costs: 65.6369 ms[0m
[33mMainLoop for Frame12Costs: 134.058 ms[0m
Loading Image 13
[33m--Loading Image Costs: 42.7701 ms[0m
[33m--Computing KeyPoints & Descriptor Costs: 11.3361 ms[0m
[33m--Matching Costs: 3.53408 ms[0m
[33m--Converting Points(2f,3f) to String: 0.111818 ms[0m
{
    "type": "RESULT",
    "matrix": "0.999999,-0.000793715,-0.0010858,0.00848771;0.000794663,0.999999,0.000873063,-0.00184582;0.00108511,-0.000873925,0.999999,-0.00264628;0,0,0,1;",
    "inliers": 35
}
[33m--Send & Wait & Receive Costs: 17.298 ms[0m
type is: RESULT
[33m--Parsing Message Type Costs: 0.0140667 ms[0m
    0.999999 -0.000793715   -0.0010858   0.00848771
 0.000794663     0.999999  0.000873063  -0.00184582
  0.00108511 -0.000873925     0.999999  -0.00264628
           0            0            0            1
[33m--Parsing tMatrix&inliers&TMatrix Costs: 0.0460148 ms[0m
[33m--JoinPointCloud Costs: 54.2419 ms[0m
[33mMainLoop for Frame13Costs: 129.5 ms[0m
Loading Image 14
[33m--Loading Image Costs: 66.154 ms[0m
[33m--Computing KeyPoints & Descriptor Costs: 11.7838 ms[0m
[33m--Matching Costs: 3.56388 ms[0m
[33m--Converting Points(2f,3f) to String: 0.115871 ms[0m
{
    "type": "RESULT",
    "matrix": "0.999995,-0.00319896,0.000432035,7.76301e-05;0.0031987,0.999995,0.000609115,-0.00164031;-0.000433981,-0.000607729,1,-0.00161781;0,0,0,1;",
    "inliers": 31
}
[33m--Send & Wait & Receive Costs: 14.6258 ms[0m
type is: RESULT
[33m--Parsing Message Type Costs: 0.0109673 ms[0m
    0.999995  -0.00319896  0.000432035  7.76301e-05
   0.0031987     0.999995  0.000609115  -0.00164031
-0.000433981 -0.000607729            1  -0.00161781
           0            0            0            1
[33m--Parsing tMatrix&inliers&TMatrix Costs: 0.0479221 ms[0m
[33m--JoinPointCloud Costs: 69.6158 ms[0m
[33mMainLoop for Frame14Costs: 166.141 ms[0m
Loading Image 15
[33m--Loading Image Costs: 38.8019 ms[0m
[33m--Computing KeyPoints & Descriptor Costs: 15.9299 ms[0m
[33m--Matching Costs: 3.56913 ms[0m
[33m--Converting Points(2f,3f) to String: 0.0839233 ms[0m
{
    "type": "RESULT",
    "matrix": "0.999998,-0.00149623,-0.00131984,0.0038338;0.00149698,0.999999,0.000564328,-0.00123355;0.00131899,-0.000566302,0.999999,-0.00129479;0,0,0,1;",
    "inliers": 20
}
[33m--Send & Wait & Receive Costs: 14.441 ms[0m
type is: RESULT
[33m--Parsing Message Type Costs: 0.0150204 ms[0m
    0.999998  -0.00149623  -0.00131984    0.0038338
  0.00149698     0.999999  0.000564328  -0.00123355
  0.00131899 -0.000566302     0.999999  -0.00129479
           0            0            0            1
[33m--Parsing tMatrix&inliers&TMatrix Costs: 0.056982 ms[0m
[33m--JoinPointCloud Costs: 61.6391 ms[0m
[33mMainLoop for Frame15Costs: 134.679 ms[0m
Loading Image 16
[33m--Loading Image Costs: 28.394 ms[0m
[33m--Computing KeyPoints & Descriptor Costs: 11.6541 ms[0m
[33m--Matching Costs: 4.95291 ms[0m
[33m--Converting Points(2f,3f) to String: 0.133038 ms[0m
{
    "type": "RESULT",
    "matrix": "1,-2.01959e-05,0.00020164,-0.000383237;2.01961e-05,1,-1.0047e-06,-2.62191e-05;-0.00020164,1.00878e-06,1,-0.000323672;0,0,0,1;",
    "inliers": 51
}
[33m--Send & Wait & Receive Costs: 16.6509 ms[0m
type is: RESULT
[33m--Parsing Message Type Costs: 0.015974 ms[0m
           1 -2.01959e-05   0.00020164 -0.000383237
 2.01961e-05            1  -1.0047e-06 -2.62191e-05
 -0.00020164  1.00878e-06            1 -0.000323672
           0            0            0            1
[33m--Parsing tMatrix&inliers&TMatrix Costs: 0.0469685 ms[0m
[33m--JoinPointCloud Costs: 72.135 ms[0m
[33mMainLoop for Frame16Costs: 134.133 ms[0m
Loading Image 17
[33m--Loading Image Costs: 82.0432 ms[0m
[33m--Computing KeyPoints & Descriptor Costs: 10.771 ms[0m
[33m--Matching Costs: 3.7179 ms[0m
[33m--Converting Points(2f,3f) to String: 0.244141 ms[0m
{
    "type": "RESULT",
    "matrix": "1,2.47026e-05,-9.5935e-05,0.000265249;-2.46928e-05,1,0.00010231,-0.000307175;9.59375e-05,-0.000102308,1,0.000164755;0,0,0,1;",
    "inliers": 65
}
[33m--Send & Wait & Receive Costs: 16.572 ms[0m
type is: RESULT
[33m--Parsing Message Type Costs: 0.0140667 ms[0m
           1  2.47026e-05  -9.5935e-05  0.000265249
-2.46928e-05            1   0.00010231 -0.000307175
 9.59375e-05 -0.000102308            1  0.000164755
           0            0            0            1
[33m--Parsing tMatrix&inliers&TMatrix Costs: 0.0729561 ms[0m
[33m--JoinPointCloud Costs: 769.901 ms[0m
[33mMainLoop for Frame17Costs: 883.522 ms[0m
Loading Image 18
[33m--Loading Image Costs: 47.303 ms[0m
[33m--Computing KeyPoints & Descriptor Costs: 17.2369 ms[0m
[33m--Matching Costs: 4.09102 ms[0m
[33m--Converting Points(2f,3f) to String: 0.176907 ms[0m
{
    "type": "RESULT",
    "matrix": "1,-2.33424e-07,7.1014e-07,-1.87033e-06;2.33423e-07,1,6.58937e-07,-1.76245e-06;-7.1014e-07,-6.58937e-07,1,-7.6988e-07;0,0,0,1;",
    "inliers": 74
}
[33m--Send & Wait & Receive Costs: 15.7859 ms[0m
type is: RESULT
[33m--Parsing Message Type Costs: 0.0178814 ms[0m
           1 -2.33424e-07   7.1014e-07 -1.87033e-06
 2.33423e-07            1  6.58937e-07 -1.76245e-06
 -7.1014e-07 -6.58937e-07            1  -7.6988e-07
           0            0            0            1
[33m--Parsing tMatrix&inliers&TMatrix Costs: 0.0710487 ms[0m
[33m--JoinPointCloud Costs: 65.2909 ms[0m
[33mMainLoop for Frame18Costs: 150.12 ms[0m
Loading Image 19
[33m--Loading Image Costs: 30.1781 ms[0m
[33m--Computing KeyPoints & Descriptor Costs: 16.6709 ms[0m
[33m--Matching Costs: 4.45795 ms[0m
[33m--Converting Points(2f,3f) to String: 0.123024 ms[0m
{
    "type": "RESULT",
    "matrix": "0.999997,0.000694059,-0.00232279,0.00636891;-0.000692912,1,0.000494581,-0.00141173;0.00232313,-0.00049297,0.999997,0.000928393;0,0,0,1;",
    "inliers": 35
}
[33m--Send & Wait & Receive Costs: 13.8159 ms[0m
type is: RESULT
[33m--Parsing Message Type Costs: 0.015974 ms[0m
   0.999997 0.000694059 -0.00232279  0.00636891
-0.000692912           1 0.000494581 -0.00141173
 0.00232313 -0.00049297    0.999997 0.000928393
          0           0           0           1
[33m--Parsing tMatrix&inliers&TMatrix Costs: 0.0669956 ms[0m
[33m--JoinPointCloud Costs: 67.9929 ms[0m
[33mMainLoop for Frame19Costs: 133.518 ms[0m
Loading Image 20
[33m--Loading Image Costs: 37.7522 ms[0m
[33m--Computing KeyPoints & Descriptor Costs: 11.342 ms[0m
[33m--Matching Costs: 3.60584 ms[0m
[33m--Converting Points(2f,3f) to String: 0.0650883 ms[0m
{
    "type": "RESULT",
    "matrix": "0.999979,0.00587091,0.00272338,-0.000794094;-0.00586971,0.999983,-0.00044767,-0.000852576;-0.00272596,0.000431675,0.999996,0.00226471;0,0,0,1;",
    "inliers": 12
}
[33m--Send & Wait & Receive Costs: 14.812 ms[0m
type is: RESULT
[33m--Parsing Message Type Costs: 0.0231266 ms[0m
    0.999979   0.00587091   0.00272338 -0.000794094
 -0.00586971     0.999983  -0.00044767 -0.000852576
 -0.00272596  0.000431675     0.999996   0.00226471
           0            0            0            1
[33m--Parsing tMatrix&inliers&TMatrix Costs: 0.0741482 ms[0m
[33m--JoinPointCloud Costs: 662.913 ms[0m
[33mMainLoop for Frame20Costs: 730.776 ms[0m
Loading Image 21
[33m--Loading Image Costs: 37.2219 ms[0m
[33m--Computing KeyPoints & Descriptor Costs: 11.7149 ms[0m
[33m--Matching Costs: 4.94504 ms[0m
[33m--Converting Points(2f,3f) to String: 0.0560284 ms[0m
{
    "type": "RESULT",
    "matrix": "0.99999,0.00263406,-0.00353984,0.0149543;-0.00264206,0.999994,-0.00225854,0.00431;0.00353387,0.00226787,0.999991,0.00442479;0,0,0,1;",
    "inliers": 12
}
[33m--Send & Wait & Receive Costs: 13.9332 ms[0m
type is: RESULT
[33m--Parsing Message Type Costs: 0.0119209 ms[0m
    0.99999  0.00263406 -0.00353984   0.0149543
-0.00264206    0.999994 -0.00225854     0.00431
 0.00353387  0.00226787    0.999991  0.00442479
          0           0           0           1
[33m--Parsing tMatrix&inliers&TMatrix Costs: 0.0498295 ms[0m
[33m--JoinPointCloud Costs: 56.3369 ms[0m
[33mMainLoop for Frame21Costs: 124.559 ms[0m
Loading Image 22
[33m--Loading Image Costs: 35.2659 ms[0m
[33m--Computing KeyPoints & Descriptor Costs: 12.5511 ms[0m
[33m--Matching Costs: 3.59821 ms[0m
[33m--Converting Points(2f,3f) to String: 0.0469685 ms[0m
{
    "type": "RESULT",
    "matrix": "0.999999,0.000335035,-0.00126148,0.0098474;-0.000332534,0.999998,0.00198243,-0.00457985;0.00126214,-0.00198201,0.999997,-0.00735879;0,0,0,1;",
    "inliers": 12
}
[33m--Send & Wait & Receive Costs: 16.16 ms[0m
type is: RESULT
[33m--Parsing Message Type Costs: 0.0109673 ms[0m
   0.999999 0.000335035 -0.00126148   0.0098474
-0.000332534    0.999998  0.00198243 -0.00457985
 0.00126214 -0.00198201    0.999997 -0.00735879
          0           0           0           1
[33m--Parsing tMatrix&inliers&TMatrix Costs: 0.0388622 ms[0m
[33m--JoinPointCloud Costs: 58.8439 ms[0m
[33mMainLoop for Frame22Costs: 126.641 ms[0m
Loading Image 23
[33m--Loading Image Costs: 36.1331 ms[0m
[33m--Computing KeyPoints & Descriptor Costs: 12.598 ms[0m
[33m--Matching Costs: 4.19712 ms[0m
[33m--Converting Points(2f,3f) to String: 0.0619888 ms[0m
{
    "type": "RESULT",
    "matrix": "0.999971,0.00710916,0.00254496,0.00487102;-0.00710616,0.999974,-0.00118798,0.00307488;-0.00255334,0.00116986,0.999996,0.00246776;0,0,0,1;",
    "inliers": 12
}
[33m--Send & Wait & Receive Costs: 13.6211 ms[0m
type is: RESULT
[33m--Parsing Message Type Costs: 0.0200272 ms[0m
   0.999971  0.00710916  0.00254496  0.00487102
-0.00710616    0.999974 -0.00118798  0.00307488
-0.00255334  0.00116986    0.999996  0.00246776
          0           0           0           1
[33m--Parsing tMatrix&inliers&TMatrix Costs: 0.0500679 ms[0m
[33m--JoinPointCloud Costs: 64.465 ms[0m
[33mMainLoop for Frame23Costs: 131.31 ms[0m
Loading Image 24
[33m--Loading Image Costs: 28.955 ms[0m
[33m--Computing KeyPoints & Descriptor Costs: 11.888 ms[0m
[33m--Matching Costs: 4.84204 ms[0m
[33m--Converting Points(2f,3f) to String: 0.056982 ms[0m
{
    "type": "RESULT",
    "matrix": "0.999997,0.00212075,0.00121782,0.00569511;-0.00212423,0.999994,0.00286527,-0.00648736;-0.00121174,-0.00286785,0.999995,-0.00915677;0,0,0,1;",
    "inliers": 12
}
[33m--Send & Wait & Receive Costs: 15.7931 ms[0m
type is: RESULT
[33m--Parsing Message Type Costs: 0.015974 ms[0m
   0.999997  0.00212075  0.00121782  0.00569511
-0.00212423    0.999994  0.00286527 -0.00648736
-0.00121174 -0.00286785    0.999995 -0.00915677
          0           0           0           1
[33m--Parsing tMatrix&inliers&TMatrix Costs: 0.0479221 ms[0m
[33m--JoinPointCloud Costs: 71.795 ms[0m
[33mMainLoop for Frame24Costs: 133.565 ms[0m
Loading Image 25
[33m--Loading Image Costs: 15.4529 ms[0m
[33m--Computing KeyPoints & Descriptor Costs: 10.529 ms[0m
[33m--Matching Costs: 3.70693 ms[0m
[33m--Converting Points(2f,3f) to String: 0.145197 ms[0m
{
    "type": "RESULT",
    "matrix": "0.999999,0.00153334,0.000625165,0.0080751;-0.00153235,0.999998,-0.00157347,0.00334139;-0.000627577,0.00157251,0.999999,0.00284496;0,0,0,1;",
    "inliers": 24
}
[33m--Send & Wait & Receive Costs: 17.9999 ms[0m
type is: RESULT
[33m--Parsing Message Type Costs: 0.0140667 ms[0m
   0.999999  0.00153334 0.000625165   0.0080751
-0.00153235    0.999998 -0.00157347  0.00334139
-0.000627577  0.00157251    0.999999  0.00284496
          0           0           0           1
[33m--Parsing tMatrix&inliers&TMatrix Costs: 0.0648499 ms[0m
[33m--JoinPointCloud Costs: 67.802 ms[0m
[33mMainLoop for Frame25Costs: 115.851 ms[0m
Loading Image 26
[33m--Loading Image Costs: 41.908 ms[0m
[33m--Computing KeyPoints & Descriptor Costs: 11.4369 ms[0m
[33m--Matching Costs: 3.56507 ms[0m
[33m--Converting Points(2f,3f) to String: 0.11611 ms[0m
{
    "type": "RESULT",
    "matrix": "0.999997,0.00103813,0.00234568,0.00461888;-0.00103757,0.999999,-0.000240081,0.000628956;-0.00234592,0.000237647,0.999997,0.000698535;0,0,0,1;",
    "inliers": 43
}
[33m--Send & Wait & Receive Costs: 15.4691 ms[0m
type is: RESULT
[33m--Parsing Message Type Costs: 0.0119209 ms[0m
    0.999997   0.00103813   0.00234568   0.00461888
 -0.00103757     0.999999 -0.000240081  0.000628956
 -0.00234592  0.000237647     0.999997  0.000698535
           0            0            0            1
[33m--Parsing tMatrix&inliers&TMatrix Costs: 0.0488758 ms[0m
[33m--JoinPointCloud Costs: 63.087 ms[0m
[33mMainLoop for Frame26Costs: 135.809 ms[0m
Loading Image 27
[33m--Loading Image Costs: 20.54 ms[0m
[33m--Computing KeyPoints & Descriptor Costs: 10.5989 ms[0m
[33m--Matching Costs: 4.32611 ms[0m
[33m--Converting Points(2f,3f) to String: 0.138998 ms[0m
{
    "type": "RESULT",
    "matrix": "0.999998,0.0016561,0.00115408,0.0069929;-0.00165561,0.999999,-0.00043116,0.00121631;-0.0011548,0.000429248,0.999999,0.00028398;0,0,0,1;",
    "inliers": 46
}
[33m--Send & Wait & Receive Costs: 15.8939 ms[0m
type is: RESULT
[33m--Parsing Message Type Costs: 0.0100136 ms[0m
   0.999998   0.0016561  0.00115408   0.0069929
-0.00165561    0.999999 -0.00043116  0.00121631
 -0.0011548 0.000429248    0.999999  0.00028398
          0           0           0           1
[33m--Parsing tMatrix&inliers&TMatrix Costs: 0.0388622 ms[0m
[33m--JoinPointCloud Costs: 76.421 ms[0m
[33mMainLoop for Frame27Costs: 128.138 ms[0m
Loading Image 28
[33m--Loading Image Costs: 32.2211 ms[0m
[33m--Computing KeyPoints & Descriptor Costs: 10.967 ms[0m
[33m--Matching Costs: 3.98898 ms[0m
[33m--Converting Points(2f,3f) to String: 0.144958 ms[0m
{
    "type": "RESULT",
    "matrix": "0.999996,0.000777352,0.00257343,0.00485791;-0.000775521,0.999999,-0.000712074,0.00150407;-0.00257398,0.000710076,0.999996,0.00236936;0,0,0,1;",
    "inliers": 43
}
[33m--Send & Wait & Receive Costs: 13.988 ms[0m
type is: RESULT
[33m--Parsing Message Type Costs: 0.0140667 ms[0m
    0.999996  0.000777352   0.00257343   0.00485791
-0.000775521     0.999999 -0.000712074   0.00150407
 -0.00257398  0.000710076     0.999996   0.00236936
           0            0            0            1
[33m--Parsing tMatrix&inliers&TMatrix Costs: 0.0519753 ms[0m
[33m--JoinPointCloud Costs: 70.287 ms[0m
[33mMainLoop for Frame28Costs: 131.89 ms[0m
Loading Image 29
[33m--Loading Image Costs: 29.2931 ms[0m
[33m--Computing KeyPoints & Descriptor Costs: 11.6851 ms[0m
[33m--Matching Costs: 4.05908 ms[0m
[33m--Converting Points(2f,3f) to String: 0.110149 ms[0m
{
    "type": "RESULT",
    "matrix": "0.999996,0.000123238,0.00293408,0.00412472;-0.000123657,1,0.000142707,-0.000337038;-0.00293407,-0.00014307,0.999996,0.000441207;0,0,0,1;",
    "inliers": 32
}
[33m--Send & Wait & Receive Costs: 14.7128 ms[0m
type is: RESULT
[33m--Parsing Message Type Costs: 0.0138283 ms[0m
    0.999996  0.000123238   0.00293408   0.00412472
-0.000123657            1  0.000142707 -0.000337038
 -0.00293407  -0.00014307     0.999996  0.000441207
           0            0            0            1
[33m--Parsing tMatrix&inliers&TMatrix Costs: 0.0429153 ms[0m
[33m--JoinPointCloud Costs: 74.132 ms[0m
[33mMainLoop for Frame29Costs: 134.224 ms[0m
Loading Image 30
[33m--Loading Image Costs: 35.0881 ms[0m
[33m--Computing KeyPoints & Descriptor Costs: 12.7981 ms[0m
[33m--Matching Costs: 3.65996 ms[0m
[33m--Converting Points(2f,3f) to String: 0.164986 ms[0m
{
    "type": "RESULT",
    "matrix": "0.999999,5.73988e-05,0.00115817,0.00910561;-5.87805e-05,0.999999,0.00119301,-0.00352644;-0.0011581,-0.00119308,0.999999,0.0036894;0,0,0,1;",
    "inliers": 25
}
[33m--Send & Wait & Receive Costs: 15.8288 ms[0m
type is: RESULT
[33m--Parsing Message Type Costs: 0.0190735 ms[0m
   0.999999 5.73988e-05  0.00115817  0.00910561
-5.87805e-05    0.999999  0.00119301 -0.00352644
 -0.0011581 -0.00119308    0.999999   0.0036894
          0           0           0           1
[33m--Parsing tMatrix&inliers&TMatrix Costs: 0.0700951 ms[0m
[33m--JoinPointCloud Costs: 69.464 ms[0m
[33mMainLoop for Frame30Costs: 137.274 ms[0m
Loading Image 31
[33m--Loading Image Costs: 16.5939 ms[0m
[33m--Computing KeyPoints & Descriptor Costs: 11.112 ms[0m
[33m--Matching Costs: 5.11599 ms[0m
[33m--Converting Points(2f,3f) to String: 0.113964 ms[0m
{
    "type": "RESULT",
    "matrix": "0.999995,-0.00151849,0.00265183,0.00440018;0.00151274,0.999997,0.0021662,-0.00435613;-0.00265511,-0.00216218,0.999994,0.00326244;0,0,0,1;",
    "inliers": 18
}
[33m--Send & Wait & Receive Costs: 15.497 ms[0m
type is: RESULT
[33m--Parsing Message Type Costs: 0.0109673 ms[0m
   0.999995 -0.00151849  0.00265183  0.00440018
 0.00151274    0.999997   0.0021662 -0.00435613
-0.00265511 -0.00216218    0.999994  0.00326244
          0           0           0           1
[33m--Parsing tMatrix&inliers&TMatrix Costs: 0.0400543 ms[0m
[33m--JoinPointCloud Costs: 65.0721 ms[0m
[33mMainLoop for Frame31Costs: 113.707 ms[0m
Loading Image 32
[33m--Loading Image Costs: 77.0521 ms[0m
[33m--Computing KeyPoints & Descriptor Costs: 11.5011 ms[0m
[33m--Matching Costs: 4.84109 ms[0m
[33m--Converting Points(2f,3f) to String: 0.11301 ms[0m
{
    "type": "RESULT",
    "matrix": "0.999996,-0.00223418,0.00168548,0.00373008;0.00223112,0.999996,0.00181977,0.00217195;-0.00168954,-0.001816,0.999997,-0.0077329;0,0,0,1;",
    "inliers": 15
}
[33m--Send & Wait & Receive Costs: 17.3531 ms[0m
type is: RESULT
[33m--Parsing Message Type Costs: 0.0140667 ms[0m
   0.999996 -0.00223418  0.00168548  0.00373008
 0.00223112    0.999996  0.00181977  0.00217195
-0.00168954   -0.001816    0.999997  -0.0077329
          0           0           0           1
[33m--Parsing tMatrix&inliers&TMatrix Costs: 0.0519753 ms[0m
[33m--JoinPointCloud Costs: 75.6161 ms[0m
[33mMainLoop for Frame32Costs: 186.72 ms[0m
Loading Image 33
[33m--Loading Image Costs: 30.468 ms[0m
[33m--Computing KeyPoints & Descriptor Costs: 16.33 ms[0m
[33m--Matching Costs: 4.2398 ms[0m
[33m--Converting Points(2f,3f) to String: 0.0679493 ms[0m
{
    "type": "RESULT",
    "matrix": "0.999993,-0.0038243,-0.000360886,0.00889168;0.00382552,0.999987,0.00343516,-0.00184133;0.000347745,-0.00343652,0.999994,0.000860179;0,0,0,1;",
    "inliers": 19
}
[33m--Send & Wait & Receive Costs: 16.1319 ms[0m
type is: RESULT
[33m--Parsing Message Type Costs: 0.0338554 ms[0m
    0.999993   -0.0038243 -0.000360886   0.00889168
  0.00382552     0.999987   0.00343516  -0.00184133
 0.000347745  -0.00343652     0.999994  0.000860179
           0            0            0            1
[33m--Parsing tMatrix&inliers&TMatrix Costs: 0.0419617 ms[0m
[33m--JoinPointCloud Costs: 63.5428 ms[0m
[33mMainLoop for Frame33Costs: 131.013 ms[0m
Loading Image 34
[33m--Loading Image Costs: 43.2742 ms[0m
[33m--Computing KeyPoints & Descriptor Costs: 13.021 ms[0m
[33m--Matching Costs: 3.75915 ms[0m
[33m--Converting Points(2f,3f) to String: 0.0681877 ms[0m
{
    "type": "RESULT",
    "matrix": "0.999996,0.000273251,0.00278558,0.00144367;-0.000279208,0.999998,0.00213851,0.00290747;-0.00278499,-0.00213927,0.999994,-0.00463454;0,0,0,1;",
    "inliers": 22
}
[33m--Send & Wait & Receive Costs: 13.6502 ms[0m
type is: RESULT
[33m--Parsing Message Type Costs: 0.0109673 ms[0m
   0.999996 0.000273251  0.00278558  0.00144367
-0.000279208    0.999998  0.00213851  0.00290747
-0.00278499 -0.00213927    0.999994 -0.00463454
          0           0           0           1
[33m--Parsing tMatrix&inliers&TMatrix Costs: 0.0379086 ms[0m
[33m--JoinPointCloud Costs: 74.1479 ms[0m
[33mMainLoop for Frame34Costs: 148.152 ms[0m
Loading Image 35
[33m--Loading Image Costs: 25.6169 ms[0m
[33m--Computing KeyPoints & Descriptor Costs: 14.6742 ms[0m
[33m--Matching Costs: 3.7291 ms[0m
[33m--Converting Points(2f,3f) to String: 0.108004 ms[0m
{
    "type": "RESULT",
    "matrix": "0.999991,0.00399958,0.00120821,0.00794513;-0.00401128,0.999944,0.00984189,-0.0155274;-0.00116878,-0.00984665,0.999951,0.00222125;0,0,0,1;",
    "inliers": 18
}
[33m--Send & Wait & Receive Costs: 14.2901 ms[0m
type is: RESULT
[33m--Parsing Message Type Costs: 0.0119209 ms[0m
   0.999991  0.00399958  0.00120821  0.00794513
-0.00401128    0.999944  0.00984189  -0.0155274
-0.00116878 -0.00984665    0.999951  0.00222125
          0           0           0           1
[33m--Parsing tMatrix&inliers&TMatrix Costs: 0.0629425 ms[0m
[33m--JoinPointCloud Costs: 75.0589 ms[0m
[33mMainLoop for Frame35Costs: 133.741 ms[0m
Loading Image 36
[33m--Loading Image Costs: 71.707 ms[0m
[33m--Computing KeyPoints & Descriptor Costs: 11.153 ms[0m
[33m--Matching Costs: 3.62015 ms[0m
[33m--Converting Points(2f,3f) to String: 0.132084 ms[0m
{
    "type": "RESULT",
    "matrix": "0.999992,0.000486793,0.00393759,-0.000316451;-0.000496493,0.999997,0.00246273,0.00356957;-0.00393638,-0.00246467,0.999989,-0.00348446;0,0,0,1;",
    "inliers": 19
}
[33m--Send & Wait & Receive Costs: 20.1609 ms[0m
type is: RESULT
[33m--Parsing Message Type Costs: 0.0109673 ms[0m
    0.999992  0.000486793   0.00393759 -0.000316451
-0.000496493     0.999997   0.00246273   0.00356957
 -0.00393638  -0.00246467     0.999989  -0.00348446
           0            0            0            1
[33m--Parsing tMatrix&inliers&TMatrix Costs: 0.0469685 ms[0m
[33m--JoinPointCloud Costs: 81.568 ms[0m
[33mMainLoop for Frame36Costs: 188.595 ms[0m
Loading Image 37
[33m--Loading Image Costs: 22.2251 ms[0m
[33m--Computing KeyPoints & Descriptor Costs: 11.564 ms[0m
[33m--Matching Costs: 5.01299 ms[0m
[33m--Converting Points(2f,3f) to String: 0.0710487 ms[0m
{
    "type": "RESULT",
    "matrix": "0.999997,-0.00207314,0.00132398,0.00505885;0.00207002,0.999995,0.00235158,0.00333311;-0.00132885,-0.00234883,0.999996,0.0012359;0,0,0,1;",
    "inliers": 22
}
[33m--Send & Wait & Receive Costs: 16.1049 ms[0m
type is: RESULT
[33m--Parsing Message Type Costs: 0.0150204 ms[0m
   0.999997 -0.00207314  0.00132398  0.00505885
 0.00207002    0.999995  0.00235158  0.00333311
-0.00132885 -0.00234883    0.999996   0.0012359
          0           0           0           1
[33m--Parsing tMatrix&inliers&TMatrix Costs: 0.043869 ms[0m
[33m--JoinPointCloud Costs: 66.483 ms[0m
[33mMainLoop for Frame37Costs: 121.888 ms[0m
Loading Image 38
[33m--Loading Image Costs: 23.8142 ms[0m
[33m--Computing KeyPoints & Descriptor Costs: 14.118 ms[0m
[33m--Matching Costs: 3.81684 ms[0m
[33m--Converting Points(2f,3f) to String: 0.0758171 ms[0m
{
    "type": "RESULT",
    "matrix": "0.999996,-0.000908108,0.00268867,0.000272636;0.000902502,0.999997,0.00208556,0.00492802;-0.00269056,-0.00208313,0.999994,-0.000419865;0,0,0,1;",
    "inliers": 15
}
[33m--Send & Wait & Receive Costs: 13.9611 ms[0m
type is: RESULT
[33m--Parsing Message Type Costs: 0.015974 ms[0m
    0.999996 -0.000908108   0.00268867  0.000272636
 0.000902502     0.999997   0.00208556   0.00492802
 -0.00269056  -0.00208313     0.999994 -0.000419865
           0            0            0            1
[33m--Parsing tMatrix&inliers&TMatrix Costs: 0.0619888 ms[0m
[33m--JoinPointCloud Costs: 78.2938 ms[0m
[33mMainLoop for Frame38Costs: 134.463 ms[0m
Loading Image 39
[33m--Loading Image Costs: 19.2351 ms[0m
[33m--Computing KeyPoints & Descriptor Costs: 11.0869 ms[0m
[33m--Matching Costs: 4.29893 ms[0m
[33m--Converting Points(2f,3f) to String: 0.57292 ms[0m
{
    "type": "RESULT",
    "matrix": "1,-9.3398e-08,-2.02037e-07,2.59186e-07;9.33981e-08,1,3.57901e-07,-8.26799e-07;2.02037e-07,-3.57901e-07,1,-5.44306e-07;0,0,0,1;",
    "inliers": 264
}
[33m--Send & Wait & Receive Costs: 6.03604 ms[0m
type is: RESULT
[33m--Parsing Message Type Costs: 0.0109673 ms[0m
           1  -9.3398e-08 -2.02037e-07  2.59186e-07
 9.33981e-08            1  3.57901e-07 -8.26799e-07
 2.02037e-07 -3.57901e-07            1 -5.44306e-07
           0            0            0            1
[33m--Parsing tMatrix&inliers&TMatrix Costs: 0.0398159 ms[0m
[33m--JoinPointCloud Costs: 80.699 ms[0m
[33mMainLoop for Frame39Costs: 122.117 ms[0m
Loading Image 40
[33m--Loading Image Costs: 44.3621 ms[0m
[33m--Computing KeyPoints & Descriptor Costs: 10.8378 ms[0m
[33m--Matching Costs: 3.85499 ms[0m
[33m--Converting Points(2f,3f) to String: 0.0758171 ms[0m
{
    "type": "RESULT",
    "matrix": "0.999997,-0.0018001,0.0016871,0.00532006;0.00179296,0.999989,0.00422427,0.00730697;-0.00169469,-0.00422123,0.99999,0.00448862;0,0,0,1;",
    "inliers": 17
}
[33m--Send & Wait & Receive Costs: 14.2648 ms[0m
type is: RESULT
[33m--Parsing Message Type Costs: 0.015974 ms[0m
   0.999997  -0.0018001   0.0016871  0.00532006
 0.00179296    0.999989  0.00422427  0.00730697
-0.00169469 -0.00422123     0.99999  0.00448862
          0           0           0           1
[33m--Parsing tMatrix&inliers&TMatrix Costs: 0.0472069 ms[0m
[33m--JoinPointCloud Costs: 71.6691 ms[0m
[33mMainLoop for Frame40Costs: 145.385 ms[0m
Loading Image 41
[33m--Loading Image Costs: 27.8699 ms[0m
[33m--Computing KeyPoints & Descriptor Costs: 12.574 ms[0m
[33m--Matching Costs: 3.69692 ms[0m
[33m--Converting Points(2f,3f) to String: 0.919104 ms[0m
{
    "type": "RESULT",
    "matrix": "1,8.01065e-08,-4.05443e-08,9.65982e-08;-8.01065e-08,1,1.39544e-07,-4.92681e-07;4.05443e-08,-1.39544e-07,1,3.58407e-08;0,0,0,1;",
    "inliers": 258
}
[33m--Send & Wait & Receive Costs: 5.91707 ms[0m
type is: RESULT
[33m--Parsing Message Type Costs: 0.015974 ms[0m
           1  8.01065e-08 -4.05443e-08  9.65982e-08
-8.01065e-08            1  1.39544e-07 -4.92681e-07
 4.05443e-08 -1.39544e-07            1  3.58407e-08
           0            0            0            1
[33m--Parsing tMatrix&inliers&TMatrix Costs: 0.0739098 ms[0m
[33m--JoinPointCloud Costs: 70.477 ms[0m
[33mMainLoop for Frame41Costs: 121.77 ms[0m
Loading Image 42
[33m--Loading Image Costs: 48.6419 ms[0m
[33m--Computing KeyPoints & Descriptor Costs: 12.713 ms[0m
[33m--Matching Costs: 4.80509 ms[0m
[33m--Converting Points(2f,3f) to String: 0.0829697 ms[0m
{
    "type": "RESULT",
    "matrix": "0.999996,-0.00264098,-0.000461535,0.0050939;0.00264158,0.999996,0.00130279,0.00940836;0.000458093,-0.001304,0.999999,0.00903714;0,0,0,1;",
    "inliers": 19
}
[33m--Send & Wait & Receive Costs: 14.9119 ms[0m
type is: RESULT
[33m--Parsing Message Type Costs: 0.0109673 ms[0m
    0.999996  -0.00264098 -0.000461535    0.0050939
  0.00264158     0.999996   0.00130279   0.00940836
 0.000458093    -0.001304     0.999999   0.00903714
           0            0            0            1
[33m--Parsing tMatrix&inliers&TMatrix Costs: 0.0419617 ms[0m
[33m--JoinPointCloud Costs: 82.567 ms[0m
[33mMainLoop for Frame42Costs: 163.936 ms[0m
Loading Image 43
[33m--Loading Image Costs: 25.7711 ms[0m
[33m--Computing KeyPoints & Descriptor Costs: 16.2401 ms[0m
[33m--Matching Costs: 4.44198 ms[0m
[33m--Converting Points(2f,3f) to String: 0.112057 ms[0m
{
    "type": "RESULT",
    "matrix": "0.999997,0.00146183,0.00194721,-0.00518988;-0.00146528,0.999997,0.00177196,0.00394666;-0.00194461,-0.00177481,0.999997,-0.00981978;0,0,0,1;",
    "inliers": 18
}
[33m--Send & Wait & Receive Costs: 14.9319 ms[0m
type is: RESULT
[33m--Parsing Message Type Costs: 0.0150204 ms[0m
   0.999997  0.00146183  0.00194721 -0.00518988
-0.00146528    0.999997  0.00177196  0.00394666
-0.00194461 -0.00177481    0.999997 -0.00981978
          0           0           0           1
[33m--Parsing tMatrix&inliers&TMatrix Costs: 0.0460148 ms[0m
[33m--JoinPointCloud Costs: 90.771 ms[0m
[33mMainLoop for Frame43Costs: 152.489 ms[0m
Loading Image 44
[33m--Loading Image Costs: 30.21 ms[0m
[33m--Computing KeyPoints & Descriptor Costs: 11.698 ms[0m
[33m--Matching Costs: 3.64423 ms[0m
[33m--Converting Points(2f,3f) to String: 0.10705 ms[0m
{
    "type": "RESULT",
    "matrix": "0.999999,4.90955e-05,-0.00114357,0.00309338;-4.82437e-05,1,0.00074489,0.00164569;0.0011436,-0.000744834,0.999999,0.00450516;0,0,0,1;",
    "inliers": 35
}
[33m--Send & Wait & Receive Costs: 17.256 ms[0m
type is: RESULT
[33m--Parsing Message Type Costs: 0.015974 ms[0m
    0.999999  4.90955e-05  -0.00114357   0.00309338
-4.82437e-05            1   0.00074489   0.00164569
   0.0011436 -0.000744834     0.999999   0.00450516
           0            0            0            1
[33m--Parsing tMatrix&inliers&TMatrix Costs: 0.0500679 ms[0m
[33m--JoinPointCloud Costs: 72.52 ms[0m
[33mMainLoop for Frame44Costs: 135.659 ms[0m
Loading Image 45
[33m--Loading Image Costs: 40.292 ms[0m
[33m--Computing KeyPoints & Descriptor Costs: 10.958 ms[0m
[33m--Matching Costs: 5.43904 ms[0m
[33m--Converting Points(2f,3f) to String: 1.18518 ms[0m
{
    "type": "RESULT",
    "matrix": "1,1.83396e-07,6.66489e-08,-1.64625e-07;-1.83396e-07,1,3.16835e-08,-1.29466e-07;-6.66489e-08,-3.16835e-08,1,3.71891e-07;0,0,0,1;",
    "inliers": 262
}
[33m--Send & Wait & Receive Costs: 5.99217 ms[0m
type is: RESULT
[33m--Parsing Message Type Costs: 0.0169277 ms[0m
           1  1.83396e-07  6.66489e-08 -1.64625e-07
-1.83396e-07            1  3.16835e-08 -1.29466e-07
-6.66489e-08 -3.16835e-08            1  3.71891e-07
           0            0            0            1
[33m--Parsing tMatrix&inliers&TMatrix Costs: 0.0760555 ms[0m
[33m--JoinPointCloud Costs: 73.967 ms[0m
[33mMainLoop for Frame45Costs: 138.194 ms[0m
Loading Image 46
[33m--Loading Image Costs: 38.512 ms[0m
